-0.089929
-0.066806
-0.051877
-0.040477
-0.031082
-0.022992
-0.015823
-0.009344
-0.003399
0.002116
0.013663
0.023914
0.033235
0.041857
0.049935
0.057580
0.064872
0.071873
0.078633
0.085188
0.094273
0.103076
0.111652
0.120048
0.128297
0.136428
0.144468
0.152431
0.160335
0.168195
0.176019
0.183816
0.191590
0.199347
0.207086
0.214804
0.222507
0.230185
0.237836
0.245462
0.253054
0.260599
0.268105
0.275552
0.282945
0.290272
0.297527
0.304722
0.311842
0.318894
0.325865
0.332743
0.339544
0.346237
0.352847
0.359415
0.365902
0.372285
0.378642
0.384943
0.391078
0.397132
0.403198
0.409225
0.415109
0.420902
0.426555
0.432172
0.437648
0.443003
0.448418
0.453681
0.458984
0.464028
0.468862
0.474076
0.478933
0.484053
0.488730
0.493956
0.498378
0.503005
0.506915
0.510454
0.514717
0.518988
0.523025
0.527741
0.532116
0.535502
0.540055
0.544810
0.549529
0.552270
0.556131
0.561759
0.567446
0.578104
0.584253
0.589886
